$ANSIBLE_VAULT;1.1;AES256
31343230383235366234376535366530303931386263663334323537303130303665363134656232
6339626131643731396338626663363938373962363162350a663263653264623366383063306133
30356637376639643061303037363435336461373030653064343539363334643961383966363165
3365316262316330390a313761363463613463393665393264343239323031396632626132653862
39353533356531326134616634383039373038653062343135656666633362383737616432303133
64376661666665623865623332663662633965646232623665353561613564393839326364393263
34613566376537616161643332306132623930303030306533626361376166633335626466643839
66363566313163663864626462303932623335623737326236306133373533303063666131623063
30343738616331393662323266313032366338616666646134613133343730303062663466313065
31663431396262663430323937636638313139316231366565316234623730343365333963653533
33313033346362333038363935363264376430316539656565333837626361666431643966376137
39316336363632623338343431376331383537383365653235373832386630646137343437383963
36303831366630626363353466356131353438616238373366333266383364336665636365623164
30373766363634663561326163343635616266316562666530346437663132376161303534336438
33623236333333323061303832613234653466303233383436616333386330313238363235653534
36353366336464303436353166393333623962613838383238393932616636646363303033653731
31666632316364636362333962636439383638303465613363643666623636353333616235626163
65366233316364626131653538333565653637393939616566383638663264363532626331373762
61666135303539643437643037363462363064383165633961656137306434386463646233656434
32343261633331303639663264646166303135333033663265323965656639376464333466623863
36376434363963663433366361373135343130316138383331343061636266313234623937663966
64343439623433343662323932623066306464633065353531616133383263646337633937323864
64623266666434376336326530323363396335613734626235326136353037353561623432633330
35346666356166383065353032656434396130623230653835336537663035333430386164643737
33663965383538633536666365396431373132376536393263613961316233313733666663346530
63393665323837623664333466623932366163343539666166643035343236636539343035363137
30376638616565643562653535636634356633633761346539653632306462353231386135373530
39653832633762613536303862653432653533623736363063356632306534346633303635306333
30633261313739366631373837663762643031636465376165393965333837303630633035306530
63303037623532616537396261386634616638626562333037353831333137313439653463323130
31356666373062663666643537393061396332323766323832656235366637636461386465623031
65633930343265643563623934346436393831356132616433353832323335313962313765643466
34323236616435353661656434376164366139333434313561343264313633383734626138623137
30626537366665323930343534656130646233316636643637623237616263326432646538623737
32356431633637353337346465663564363966643064663730316635303438636437353265386263
34366632396535383832626431373239333637383162333761303464376335333765363037396631
36653232323330353463666132623835623166363633383736313965363332346632313139393836
31376136643832326130363564623334656265393737396666353665336630393863326436373762
39343736306364346534313135643636643537383462626530373662383166626631326532633566
36613764643930623931363966333535313933343532333537343964373666303539643538663137
38623963626236663839356262306639396130313364323535323133623631626131376565353361
37386462313932363931336561353361666135376637336332316233316563646465386261386434
66303837323537353539376362643039333764303234386362366334373834383961643265373963
33343263656338383138336164616333363866323739393334383132623064633733656366386132
30326462383662646532313735666439323363653561613639373630643330623939373564393666
39313635646364636162663465613761636532353362633763356137393763326431353866353337
39336566666137323133613438626138343562393536303564313831393137363630363166363939
65643633386663373062306562616465316661326436316633353937626533623665346339393532
31653830386633643765343536613436646639306263333838653535353766656663663963363564
33346164353731663738633661343334633164353762346634663936643637303962343439613466
62623435386264333938333035383562333665613939316135646564323138353635336535316665
65323565656433323834346234373532303261313730333838383038613231343932323163336163
34306236343634326538626663336131383766383036353737663839363731626661613361373331
30653466303564313133383034333435343238643261306134613866336362333338626534653466
35363739393339636235396666616334636430356234303262326362346235336438633834346431
33303332313666346265633838613533643737626630613436386162376238346334396331313132
63316637306631316335323438356262313636386238313230386661663431623232643362616331
36313033376664336264393839386233356566363034323635313332346338633635616633376539
63653736323665656461323030656164663733396535383861636563393461303337396435363161
66316231326334656631363531383836323438626264646635356463356661666362643636616331
30623466306433643439306532393135323363323063616463656263363736633236363136666339
37663830333764333835616434653063323837323635643731316562636132623836623839613263
39303133313839643764616635656565616230393937653030633732313132393861373861626334
38366336663430326533623261663634306331373536326639336561666339306263326338376435
63303738383161663162353533333662323134613361663831333437356135613965363161306431
62663139653835346630316435383833303765663734396465376464393531633461346465313433
38316434613733666239656636376136636130643263366539356631366461386438643436666664
61383863336465313563323663643164666332333330326131393330393832616161313661386636
31353431326236613730616266353336616334383538366130323439313562323437626461333264
65633136363766623864386230616465666363386564636531306638393737306430393638323536
30386132333832393762663562653738633832623330383966323566306461643461643265343666
35333030323839613961333832383764383063643062383134313063376136626438303335313539
34303937633531623032666335373639373939363033356332343161363435663433663831613430
30323035333464303465626562376265613634313761323238656363623065343033363636663739
35353635376438326134396465346261646465346537363533353637313033626265613037633232
37396139373532386432623034336631313263313839363361623138323637366133366334656562
33633436623330646432393037393136343334383565326439336133663564326237633364656138
35636262343063373736353130353661616462643563666237373737336566353264323339306361
30303662656362376234393662626263616339646563653261633534356466386136643664313934
34643631666330313265303531316337666538333764643063373134663530396364383131616261
63373963613832356366636166636237663839666635373638643634363865323039386163316465
38323737363063643266353766353063353435646637643363663933393964336563343965353639
35326630386264366535336131636431666435313863333033646238356533343331346632336165
32363934646163386633396530616632356434383535383866386334383164616664306335343739
35343931666435363432626237366365336130623132613430313030623165326462646561623938
65613064383166633862336632613937616133646531323634633033393436633937383530343134
63353466636638306263386266626432613163383434336131366233663164666463333966393839
31326362386261333465
